0,307
0,305
0,302
0,243
0,9
0,308
0,304
0,303
0,12
0,10
0,8
0,0
0,518
0,419
0,300
0,418
0,417
0,299
0,501
0,298
0,500
0,297
0,415
0,296
0,499
0,414
0,295
0,498
0,416
0,294
0,413
0,293
0,536
0,412
0,292
0,411
0,410
0,291
0,409
0,407
0,290
0,406
0,405
0,289
0,404
0,403
0,288
0,497
0,496
0,287
0,495
0,402
0,286
0,493
0,401
0,285
0,492
0,400
0,284
0,399
0,398
0,283
0,517
0,397
0,282
0,516
0,396
0,281
0,532
0,395
0,280
0,531
0,394
0,279
0,530
0,393
0,278
0,491
0,392
0,277
0,391
0,390
0,276
0,515
0,275
0,529
0,389
0,274
0,528
0,388
0,273
0,490
0,272
0,489
0,271
0,540
0,488
0,270
0,487
0,387
0,269
0,486
0,386
0,268
0,385
0,267
0,384
0,383
0,266
0,485
0,382
0,265
0,484
0,264
0,381
0,380
0,263
0,483
0,262
0,379
0,261
0,482
0,378
0,260
0,481
0,480
0,259
0,479
0,478
0,258
0,477
0,476
0,257
0,377
0,256
0,475
0,376
0,255
0,474
0,375
0,254
0,374
0,373
0,253
0,535
0,372
0,252
0,473
0,251
0,472
0,371
0,250
0,514
0,370
0,249
0,369
0,368
0,248
0,513
0,247
0,367
0,246
0,544
0,366
0,245
0,543
0,471
0,244
0,470
0,469
0,242
0,539
0,468
0,310
0,322
0,494
1,0
1,2
1,3
2,1
2,3
3,0
3,2
3,3
4,1
4,3
6,0
6,2
6,3
9,1
9,2
9,4
10,0
10,1
10,3
10,4
11,1
11,3
11,4
14,1
14,2
14,4
21,0
21,2
21,4
22,0
22,2
22,3
23,0
23,2
23,3
23,5
24,0
24,2
24,3
25,0
25,2
25,3
25,5
26,0
26,2
27,0
27,1
27,3
27,4
32,1
32,3
32,4
33,1
33,2
33,4
33,5
34,1
34,3
35,0
35,2
35,3
35,5
35,4
35,1
34,2
34,0
33,3
33,0
32,2
32,0
27,2
26,3
26,1
25,4
25,1
24,4
24,1
23,4
23,1
22,4
22,1
21,3
21,1
14,3
14,0
11,2
11,0
10,2
9,5
9,3
9,0
6,1
4,2
4,0
3,1
2,2
2,0
1,1
0,408
0,241
0,365
0,240
0,364
0,239
0,467
0,363
0,238
0,362
0,361
0,237
0,466
0,360
0,236
0,527
0,525
0,235
0,465
0,464
0,234
0,526
0,524
0,233
0,523
0,232
0,542
0,534
0,231
0,462
0,230
0,461
0,229
0,463
0,228
0,512
0,359
0,227
0,460
0,358
0,226
0,459
0,458
0,225
0,457
0,456
0,224
0,455
0,454
0,223
0,453
0,357
0,222
0,511
0,356
0,221
0,452
0,355
0,220
0,354
0,353
0,219
0,541
0,352
0,218
0,451
0,450
0,217
0,522
0,510
0,216
0,521
0,351
0,215
0,520
0,509
0,214
0,448
0,350
0,213
0,447
0,349
0,212
0,449
0,348
0,211
0,446
0,347
0,210
0,445
0,346
0,209
0,444
0,345
0,208
0,443
0,344
0,207
0,442
0,343
0,206
0,441
0,342
0,205
0,508
0,341
0,204
0,507
0,340
0,203
0,339
0,202
0,533
0,338
0,201
0,440
0,337
0,200
0,438
0,336
0,199
0,437
0,335
0,198
0,439
0,334
0,197
0,436
0,333
0,196
0,506
0,332
0,195
0,435
0,331
0,194
0,434
0,330
0,193
0,505
0,329
0,192
0,538
0,328
0,63
0,519
0,327
0,62
0,433
0,326
0,61
0,432
0,325
0,60
0,431
0,324
0,59
0,430
0,323
0,58
0,504
0,321
0,57
0,537
0,320
0,56
0,503
0,319
0,55
0,428
0,318
0,54
0,427
0,317
0,53
0,429
0,316
0,52
0,426
0,315
0,51
0,425
0,314
0,50
0,424
0,313
0,49
0,423
0,312
0,48
0,422
0,311
0,47
0,421
0,309
0,46
0,502
0,306
0,45
0,420
0,301
0,6
0,5
0,1
0,11
0,4
0,2
0,3
0,7
